936
139 523
563 492
148 470
153 727
166 60
645 126
560 884
218 33
136 585
356 283
106 282
144 199
41 137
217 179
21 930
66 26
178 320
130 48
165 260
88 545
831 187
230 221
38 439
138 100
116 538
750 683
785 283
271 485
575 324
935 251
221 253
679 191
21 9
710 37
348 590
423 329
730 659
404 489
361 88
33 136
739 640
4 227
749 591
42 14
400 478
520 477
87 32
201 455
334 400
97 461
7 99
143 93
288 519
607 406
345 864
927 316
654 248
394 233
367 323
587 302
85 317
96 12
193 835
201 829
258 568
155 188
888 735
431 366
466 431
296 875
549 899
9 54
395 652
122 494
646 266
326 836
16 620
174 206
2 62
6 154
310 719
28 269
339 246
337 237
113 9
144 3
25 9
123 454
102 599
191 195
444 216
499 459
490 580
665 312
11 12
255 438
556 742
208 79
24 17
534 30
892 520
483 387
335 267
634 480
58 312
729 320
223 325
84 345
388 331
513 96
799 923
207 82
35 189
315 732
59 116
64 425
395 663
307 197
448 73
140 368
30 21
581 495
476 259
241 201
26 292
551 632
49 8
341 796
186 225
724 263
222 900
103 82
325 434
473 414
772 477
253 922
411 819
811 330
108 123
3 428
887 895
95 484
610 651
406 558
387 272
137 822
293 496
165 85
389 56
798 157
270 86
214 405
201 371
844 650
144 735
63 602
444 887
394 655
432 723
852 882
162 30
726 589
328 532
465 498
274 297
450 912
273 304
318 885
309 233
336 225
111 636
197 805
87 291
283 177
155 83
910 813
517 847
931 126
315 4
110 117
363 167
126 62
36 549
810 732
247 128
408 239
559 349
169 10
827 275
488 228
237 38
509 415
108 806
198 17
450 195
279 432
326 737
481 228
327 874
223 94
166 352
115 659
445 851
410 153
40 112
196 192
22 329
43 820
771 604
507 195
472 781
91 70
160 647
872 157
396 514
682 803
426 412
50 600
683 371
265 88
57 19
541 462
228 185
295 79
814 902
547 269
118 204
235 103
506 860
445 743
829 906
6 10
595 359
103 224
641 513
392 215
121 22
794 611
802 597
464 797
22 721
125 261
507 779
440 625
388 804
335 725
25 115
54 146
254 673
238 384
76 16
716 502
545 765
38 133
767 210
37 9
200 239
24 588
120 122
245 225
92 924
72 867
374 256
445 648
286 601
443 613
82 83
487 786
201 540
354 447
795 543
350 225
586 682
592 862
648 705
16 20
606 101
554 713
67 594
690 211
11 108
608 570
395 212
197 396
801 100
506 572
691 602
36 8
5 7
310 298
328 2
6 70
447 740
151 149
670 288
78 110
759 193
550 49
518 162
150 258
41 853
218 621
26 10
291 359
373 769
403 10
706 397
596 270
889 819
91 308
119 139
163 413
36 75
63 657
666 471
561 40
2 184
678 733
873 694
390 143
182 13
27 92
85 674
341 348
533 83
834 673
908 778
43 63
38 152
313 292
911 454
382 151
373 553
833 839
19 16
379 263
129 244
838 259
135 609
393 89
246 451
151 323
100 111
249 8
35 24
145 248
823 789
425 791
425 521
285 289
567 768
833 649
43 799
34 480
776 322
160 73
711 352
349 362
238 734
504 362
863 43
85 101
79 48
326 338
75 365
234 311
886 29
645 865
329 370
618 553
238 178
526 192
139 383
382 566
493 200
884 926
913 217
163 650
492 233
117 192
415 228
879 576
697 690
14 32
250 764
936 727
287 93
94 54
53 68
126 262
488 576
633 692
89 701
575 763
35 669
50 212
653 221
193 90
813 780
621 661
246 186
333 672
866 240
100 788
440 265
210 215
758 592
2 331
412 4
305 445
271 1
122 441
677 71
780 328
261 347
28 78
23 34
52 107
120 100
652 821
430 393
537 3
921 60
338 825
191 166
2 418
35 82
877 891
6 186
60 273
203 34
584 392
808 34
90 47
911 932
153 96
177 187
378 98
554 520
226 154
301 249
640 621
731 691
515 90
373 490
757 45
502 261
708 286
274 204
114 474
20 342
88 36
440 644
194 170
188 324
177 3
56 472
883 309
639 10
738 681
514 686
717 506
254 155
66 500
164 294
8 53
339 597
816 818
175 178
184 214
68 604
53 664
332 194
76 527
618 658
856 803
127 53
117 635
524 143
915 854
610 91
611 440
15 200
284 40
349 312
216 622
557 504
446 164
782 665
201 181
676 7
414 394
84 23
413 881
183 219
602 845
929 917
330 546
453 81
915 934
177 861
459 85
505 46
110 170
491 362
234 517
13 109
760 244
6 449
603 301
31 728
176 243
11 43
511 21
536 263
416 852
358 68
2 77
784 283
3 74
26 104
406 103
720 584
19 321
72 148
64 535
666 871
573 272
704 353
32 114
916 408
619 603
189 275
275 807
442 318
857 336
289 456
293 59
793 738
45 16
163 95
7 9
170 213
22 29
511 628
649 681
492 562
43 815
276 626
163 700
180 89
443 290
172 234
182 695
20 72
231 132
40 32
292 753
264 81
357 154
854 340
391 241
207 319
22 175
300 163
106 699
11 23
3 13
56 13
464 327
794 905
709 755
161 89
556 527
168 163
200 468
898 169
206 624
855 646
894 127
233 280
294 630
170 904
859 663
160 751
93 15
140 197
242 233
95 25
14 4
309 460
578 74
200 343
140 24
61 567
121 263
83 172
420 338
27 22
53 667
265 326
44 9
877 226
197 250
463 46
506 32
591 2
167 41
6 3
579 302
315 340
770 466
731 787
30 71
98 205
417 919
344 303
595 741
279 258
165 914
842 740
6 61
2 1
660 511
348 668
343 487
589 136
36 51
832 38
45 48
190 24
703 471
102 386
22 522
131 78
121 671
330 479
19 86
62 316
583 285
40 232
56 73
846 740
741 773
201 627
81 39
85 118
419 43
159 14
115 129
17 5
150 286
8 69
297 577
388 637
534 571
342 385
346 153
452 377
239 777
118 688
108 752
528 824
257 22
171 48
65 56
120 134
6 436
18 12
497 230
232 848
251 59
271 685
544 74
20 141
170 354
901 291
10 59
714 81
259 564
314 294
638 535
364 307
510 180
376 237
565 315
2 119
51 696
23 351
427 265
52 23
552 34
150 103
24 366
278 122
605 485
551 384
324 482
435 592
469 709
16 12
616 356
203 375
586 436
555 526
614 2
11 102
649 86
26 267
329 548
158 24
285 224
87 149
666 789
145 97
606 840
255 266
53 380
292 398
236 157
261 560
343 826
437 128
783 710
220 100
341 234
288 61
216 46
570 593
307 397
268 33
629 718
255 256
907 651
633 14
896 811
202 1
132 164
74 85
501 754
334 190
237 377
607 878
229 259
221 86
268 355
20 933
15 11
203 299
1 5
179 64
814 526
333 6
45 64
22 16
495 266
147 475
471 331
477 746
135 14
687 233
53 458
356 381
222 159
2 277
529 494
778 638
491 745
574 97
702 464
516 176
276 215
588 598
177 255
670 736
1 176
623 564
174 79
447 662
38 828
487 868
525 385
707 191
880 194
322 128
2 211
33 32
252 30
643 322
157 64
152 830
194 417
508 106
290 232
3 4
229 128
272 124
503 181
429 407
399 128
675 80
617 364
163 409
58 5
530 428
353 149
424 185
496 531
256 318
47 31
698 869
25 31
423 774
56 433
467 345
98 51
71 369
330 135
281 16
36 38
849 520
790 684
501 37
512 357
209 205
290 422
26 39
909 461
816 744
631 179
328 407
457 114
28 25
486 184
570 231
410 837
756 549
850 819
477 316
416 16
411 278
185 165
73 435
373 34
29 67
217 890
311 747
918 485
50 34
523 744
147 22
703 903
629 605
296 289
512 680
469 336
2 60
858 11
748 640
3 97
242 615
582 309
313 897
656 575
124 77
421 20
766 697
2 11
88 539
31 100
218 569
678 559
111 925
105 73
17 41
326 812
62 156
54 128
78 132
46 12
817 414
1 80
694 101
238 465
841 645
222 240
169 173
870 156
100 142
8 4
360 239
89 71
543 540
302 130
316 715
893 422
535 642
209 542
115 181
55 10
698 106
843 668
528 514
1 3
164 306
800 606
559 917
156 327
233 107
462 59
404 381
402 306
684 424
322 372
26 712
775 744
6 125
465 612
86 298
746 762
277 809
689 465
